4.809651115391547531e-09  1.949800196563465704e+01
5.241692194457551785e-09  1.941198212817928948e+01
5.712542636099394643e-09  1.932596229195682369e+01
6.225688605629784428e-09  1.923994245656540159e+01
6.784929423429985846e-09  1.915392262860067518e+01
7.394405695025776044e-09  1.906790279025073076e+01
8.058629968031213761e-09  1.898188295286870542e+01
8.782520142942250200e-09  1.889586311592490020e+01
9.571435885153239714e-09  1.880984327839937365e+01
1.043121830779077844e-08  1.872382344171258950e+01
1.136823321917361763e-08  1.863780360616999232e+01
1.238941825510442513e-08  1.855178377037513826e+01
1.350233424495780038e-08  1.846576394157677825e+01
1.471522119187838253e-08  1.837974410364274647e+01
1.603705928156620459e-08  1.829372426632191306e+01
1.747763537135381124e-08  1.820770442875036110e+01
1.904761545186265216e-08  1.812168459160485767e+01
2.075862361774021165e-08  1.803566475576184303e+01
2.262332813217604917e-08  1.794964492030815251e+01
2.465553522241816951e-08  1.786362508367680135e+01
2.687029130074470436e-08  1.777760525473273034e+01
2.928399436773868977e-08  1.769158541690906361e+01
3.191451542268856426e-08  1.760556557921063714e+01
3.478133078003535912e-08  1.751954574162850164e+01
3.790566627153696651e-08  1.743352590541977776e+01
4.131065440181166532e-08  1.734750607015653046e+01
4.502150562084619450e-08  1.726148623360415613e+01
4.906569498155891763e-08  1.717546639764051619e+01
5.347316556442816148e-08  1.708944656775626569e+01
5.827655017534081805e-08  1.700342672980500325e+01
6.351141295809563371e-08  1.691740689179499313e+01
6.921651271046892904e-08  1.683138705516320144e+01
7.543408985341775351e-08  1.674536721991538712e+01
8.221017917813663422e-08  1.665934738357239908e+01
8.959495068654576679e-08  1.657332754734494529e+01
9.764308104876839733e-08  1.648730771199119971e+01
1.064141584278819821e-07  1.640128787672392008e+01
1.159731236692392345e-07  1.631526804214520254e+01
1.263907511209188832e-07  1.622924820498546339e+01
1.377441726452988766e-07  1.614322836962357854e+01
1.501174487014945326e-07  1.605720853352108080e+01
1.636021907269770243e-07  1.597118869715046507e+01
1.782982394264451624e-07  1.588516886164434361e+01
1.943144039899918675e-07  1.579914902657190190e+01
2.117692677137339539e-07  1.571312919039042910e+01
2.307920659876604976e-07  1.562710935490273023e+01
2.515236431513533510e-07  1.554108951930206928e+01
2.741174953020777713e-07  1.545506968343640786e+01
2.987409067761797443e-07  1.536904984701827992e+01
3.255761887182941800e-07  1.528303001136404937e+01
3.548220289086377542e-07  1.519701017636605656e+01
3.866949628425572555e-07  1.511099034051781764e+01
4.214309769541101169e-07  1.502497050396402578e+01
4.592872558539239048e-07  1.493895066894546275e+01
5.005440865178751561e-07  1.485293083332820174e+01
5.455069335250608587e-07  1.476691099689141140e+01
5.945087007101985766e-07  1.468089116117502968e+01
6.479121959755827481e-07  1.459487132611737437e+01
7.061128175120325970e-07  1.450885149068341562e+01
7.695414813175984113e-07  1.442283165395196676e+01
8.386678116891602255e-07  1.433681181844808883e+01
9.140036183094314593e-07  1.425079198305801320e+01
9.961066856734956786e-07  1.416477214677008689e+01
1.085584902911738963e-06  1.407875231105311897e+01
1.183100764586352170e-06  1.399273247588164715e+01
1.289376275785066250e-06  1.390671264082760672e+01
1.405198297829369107e-06  1.382069280408375711e+01
1.531424374176798827e-06  1.373467296821003814e+01
1.668989079652002882e-06  1.364865313299920579e+01
1.818910940016172554e-06  1.356263329629476644e+01
1.982299973107312580e-06  1.347661346095361701e+01
2.160365907385390029e-06  1.339059362572002421e+01
2.354427138732771843e-06  1.330457379093171077e+01
2.565920491825511294e-06  1.321855395433812141e+01
2.796411858348554112e-06  1.313253411809414217e+01
3.047607790820160338e-06  1.304651428289353987e+01
3.321368137865356401e-06  1.296049444648407345e+01
3.619719814490444706e-06  1.287447460983060132e+01
3.944871809312783682e-06  1.278845477563679900e+01
4.299231539859167133e-06  1.270243494100831505e+01
4.685422677027365153e-06  1.261641510467610416e+01
5.106304570681814921e-06  1.253039526812989379e+01
5.564993420211276628e-06  1.244437543279661895e+01
6.064885346793890252e-06  1.235835559674172046e+01
6.609681538196364423e-06  1.227233575992299741e+01
7.203415652279300600e-06  1.218631592367254690e+01
7.850483682102153384e-06  1.210029608832645742e+01
8.555676503750166351e-06  1.201427625509174746e+01
9.324215347865258025e-06  1.192825641831042383e+01
1.016179045751161664e-05  1.184223658280942360e+01
1.107460321859866197e-05  1.175621674701140051e+01
1.206941207479190421e-05  1.167019691018336047e+01
1.315358256686736705e-05  1.158417707366187521e+01
1.433514186699771017e-05  1.149815723809360968e+01
1.562283821174114659e-05  1.141213740194739401e+01
1.702620567377477370e-05  1.132611756866007546e+01
1.855563475193745140e-05  1.124009773303106385e+01
2.022244930223338557e-05  1.115407789732240218e+01
2.203899037938867225e-05  1.106805806063444564e+01
2.401870760972245396e-05  1.098203822384942896e+01
2.617625877185712031e-05  1.089601838793624999e+01
2.852761832255572690e-05  1.080999855208268023e+01
3.109019567121581144e-05  1.072397871473344466e+01
3.388296407871635966e-05  1.063795888355061159e+01
3.692660113498318661e-05  1.055193904783781278e+01
4.024364185536801662e-05  1.046591921136155712e+01
4.385864552935561574e-05  1.037989937441037469e+01
4.779837755695271465e-05  1.029387953808975098e+01
5.209200761906357163e-05  1.020785970246452301e+01
5.677132564910298895e-05  1.012183986523313273e+01
6.187097720489972443e-05  1.003582002920753169e+01
6.742871998356630221e-05  9.949800193929453584e+00
7.348570337858076763e-05  9.863780362745645292e+00
8.008677314890272022e-05  9.777760525792581703e+00
8.728080345588964712e-05  9.691740689194585201e+00
9.512105872641367832e-05  9.605720853712750085e+00
1.036655880213862533e-04  9.519701016984928543e+00
1.129776548296095083e-04  9.433681180745701056e+00
1.231262054691203826e-04  9.347661345777757091e+00
1.341863795640643752e-04  9.261641510752879114e+00
1.462400663766678975e-04  9.175621679504903483e+00
1.593765111133494251e-04  9.089601843123041647e+00
1.736929756940825244e-04  9.003582008019288097e+00
1.892954588773035015e-04  8.917562172446313440e+00
2.062994810721592521e-04  8.831542336707412844e+00
2.248309396488415923e-04  8.745522502756077898e+00
2.450270410796626043e-04  8.659502669222623794e+00
2.670373168124773192e-04  8.573482835281110326e+00
2.910247303979138331e-04  8.487463005905944158e+00
3.171668840675673272e-04  8.401443172654840197e+00
3.456573336966562186e-04  8.315423340027807697e+00
3.767070218870279398e-04  8.229403507270877327e+00
4.105458397811119530e-04  8.143383676857654407e+00
4.474243291703887859e-04  8.057363847974620796e+00
4.876155375007642742e-04  7.971344019619843735e+00
5.314170395093001939e-04  7.885324192593616388e+00
5.791531404603498428e-04  7.799304368155875800e+00
6.311772772939390225e-04  7.713284548058091161e+00
6.878746354643385874e-04  7.627264726109338255e+00
7.496650008438661547e-04  7.541244908118358126e+00
8.170058678074014480e-04  7.455225094473907355e+00
8.903958265096412064e-04  7.369205284578020709e+00
9.703782544346187039e-04  7.283185478980358063e+00
1.057545339549479041e-03  7.197165680089267603e+00
1.152542464849888072e-03  7.111145888374124979e+00
1.256072986760228436e-03  7.025126105402873300e+00
1.368903442767507861e-03  6.939106329902497095e+00
1.491869226846483706e-03  6.853086567079682112e+00
1.625880774696488069e-03  6.767066818164385822e+00
1.771930304585359224e-03  6.681047084453862084e+00
1.931099163709664021e-03  6.595027370974220204e+00
2.104565834463112406e-03  6.509007680834329790e+00
2.293614659891870990e-03  6.422988017349929635e+00
2.499645352939472345e-03  6.336968385750068045e+00
2.724183359887652044e-03  6.250948793782237445e+00
2.968891154723972761e-03  6.164929247310531046e+00
3.235580548058906471e-03  6.078909753772884450e+00
3.526226101728040848e-03  5.992890325291205578e+00
3.842979748400241792e-03  5.906870973914209344e+00
4.188186724435174167e-03  5.820851713071316880e+00
4.564402933956970311e-03  5.734832559311149325e+00
4.974413872706374626e-03  5.648813534343419818e+00
5.421255251784242585e-03  5.562794662333136131e+00
5.908235473983255819e-03  5.476775970048061382e+00
6.438960129122307113e-03  5.390757492332759249e+00
7.017358689746908476e-03  5.304739270522030203e+00
7.647713604848612595e-03  5.218721351535498876e+00
8.334692007014395457e-03  5.132703791323468323e+00
9.083380267763669150e-03  5.046686658778167356e+00
9.899321656920189241e-03  4.960670034669909967e+00
1.078855738484867793e-02  4.874654012238310408e+00
1.175767133142982881e-02  4.788638705189288025e+00
1.281383879294867301e-02  4.702624250088140556e+00
1.396487960781507207e-02  4.616610804561551262e+00
1.521931605445846908e-02  4.530598557470631782e+00
1.658643595007266644e-02  4.444587734934892786e+00
1.807636141738905994e-02  4.358578605414676232e+00
1.970012382863000136e-02  4.272571484664558383e+00
2.146974548152245227e-02  4.186566749621211336e+00
2.339832861210004375e-02  4.100564849905889098e+00
2.550015240334393279e-02  4.014566317148883456e+00
2.779077870790726962e-02  3.928571782974902504e+00
3.028716726769812781e-02  3.842581995541928475e+00
3.300780128339920322e-02  3.756597848418975261e+00
3.597282426363934693e-02  3.670620397965592030e+00
3.920418916704757756e-02  3.584650899458085682e+00
4.272582094142631653e-02  3.498690846239587149e+00
4.656379366348974147e-02  3.412742009254760678e+00
5.074652359069771468e-02  3.326806489990665749e+00
5.530497955454336673e-02  3.240886783762498613e+00
6.027291225303038624e-02  3.154985857058705712e+00
6.568710414002870701e-02  3.069107222434542148e+00
7.158764176167876914e-02  2.983255053183071048e+00
7.801821255620684792e-02  2.897434303234688979e+00
8.502642831466741824e-02  2.811650847628550665e+00
9.266417769749486777e-02  2.725911654198844847e+00
1.009880104168923570e-01  2.640224984401025488e+00
1.100595559295425296e-01  2.554600635884046067e+00
1.199459797396100480e-01  2.469050216079475391e+00
1.307204806905197803e-01  2.383587473579162452e+00
1.424628329274265082e-01  2.298228684962274393e+00
1.552599765430594247e-01  2.212993111866440099e+00
1.692066612800801340e-01  2.127903525832155918e+00
1.844061480558793487e-01  2.042986825437816734e+00
2.009709735039267586e-01  1.958274758438143692e+00
2.190237831922887957e-01  1.873804744134310640e+00
2.386982396884530233e-01  1.789620822170447934e+00
2.601400121937669785e-01  1.705774742058860927e+00
2.835078550746718551e-01  1.622327184275171641e+00
3.089747832762152480e-01  1.539349130080654771e+00
3.367293533205278355e-01  1.456923366488356519e+00
3.669770593747600507e-01  1.375146128705125426e+00
3.999418547249594669e-01  1.294128817726097225e+00
4.358678099207686785e-01  1.213999759553081370e+00
4.750209198679076761e-01  1.134905917860223212e+00
5.176910732480348720e-01  1.057014423289836635e+00
5.641941988475456249e-01  9.805137489677884233e-01
6.148746046867183956e-01  9.056143001482878097e-01
6.701075272679452022e-01  8.325481247825788911e-01
7.303019098177750967e-01  7.615673882492338675e-01
7.959034300926920436e-01  6.929412316567212793e-01
8.673978001664616189e-01  6.269506413521682697e-01
9.453143626306578229e-01  5.638810135945417912e-01
1.030230009834372629e+00  5.040122908665267687e-01
1.122773455181299118e+00  4.476068587883523242e-01
1.223629888108597852e+00  3.948958245055260718e-01
1.333546047212941676e+00  3.460648205193813665e-01
1.453335749085149287e+00  3.012409787727050037e-01
1.583885913788484645e+00  2.604830129388078785e-01
1.726163131593484001e+00  2.237762088549732353e-01
1.881220819588986348e+00  1.910334126314022496e-01
2.050207021156821519e+00  1.621018776668408379e-01
2.234372906057431774e+00  1.367744803745080118e-01
2.435082034060432221e+00  1.148029411656894677e-01
2.653820450708364920e+00  9.591076969741377245e-02
2.892207689962023931e+00  7.980464889393866501e-02
3.152008765190793316e+00  6.618421108258350227e-02
3.435147237289235989e+00  5.475079019801995517e-02
3.743719456675303814e+00  4.521549676847971128e-02
4.080010084618432842e+00  3.730635479839870122e-02
4.446509008816435404e+00  3.077391912691556861e-02
4.845929778463890614e+00  2.539493839956818641e-02
5.281229695305194483e+00  2.097399021456172741e-02
5.755631709424950060e+00  1.734332416315643652e-02
6.272648281892916344e+00  1.436132358755533300e-02
6.836107390940977524e+00  1.191005282805422671e-02
7.450180874221537408e+00  9.892329302388451137e-03
8.119415316993286780e+00  8.228678698007174316e-03
8.848765714928179094e+00  6.854425377094516131e-03
9.643632160780271079e+00  5.717071141860347039e-03
1.050989982654197519e+01  4.774030331079679584e-03
1.145398253711612035e+01  3.990731611944911376e-03
1.248287025811996642e+01  3.339060368000142109e-03
1.360418084942260464e+01  2.796098745392126394e-03
1.482621646759553080e+01  2.343114031027806500e-03
1.615802503487943298e+01  1.964751494042298648e-03
1.760946722978323464e+01  1.648390242901241450e-03
1.919128949530799133e+01  1.383628954701890271e-03
2.091520360535377776e+01  1.161874438011486262e-03
2.279397337840951465e+01  9.760113043014441133e-04
2.484150918055846446e+01  8.201357964037868245e-04
2.707297091749212470e+01  6.893405199683503692e-04
2.950488027808669855e+01  5.795396857742738566e-04
3.215524306058971149e+01  4.873266765183760984e-04
3.504368248711444522e+01  4.098575131697288951e-04
3.819158449350494777e+01  3.447553554236688239e-04
4.162225607028751995e+01  2.900318040556748534e-04
4.536109782706702021e+01  2.440219820548712075e-04
4.943579205802875975e+01  2.053309031670408715e-04
5.387650770097467756e+01  1.727889302255928433e-04
5.871612370741385689e+01  1.454148415445230731e-04
6.399047247752395862e+01  1.223850834722117016e-04
6.973860516237876084e+01  1.030081067985335859e-04
7.600308079773039083e+01  8.670302932224297062e-05
8.283028141008003331e+01  7.298175490111900345e-05
9.027075542808758257e+01  6.143404186732055912e-05
9.837959194191428480e+01  5.171500616385303330e-05
1.072168285815190671e+02  4.353464254956206732e-05
1.168478960338249664e+02  3.664905315305443470e-05
1.273441024899416760e+02  3.085308402251957775e-05
1.387831616092989009e+02  2.597414834033844860e-05
1.512497679097003527e+02  2.186703931510616586e-05
1.648362238434930305e+02  1.840957448379763629e-05
1.796431232027016449e+02  1.549893571315197064e-05
1.957800959130304079e+02  1.304859465198439127e-05
2.133666197311983694e+02  1.098572737749811319e-05
2.325329048553592486e+02  9.249039881662753326e-06
2.534208579982712877e+02  7.786940289379144515e-06
2.761851330611814319e+02  6.556001332096878291e-06
3.009942761875673796e+02  5.519668177984042152e-06
3.280319736747334218e+02  4.647168234567611940e-06
3.574984119827115023e+02  3.912596664065535149e-06
3.896117599099876543e+02  3.294146070197963860e-06
4.246097839100325473e+02  2.773457704227765985e-06
4.627516085083689745e+02  2.335076047171827756e-06
5.043196348543316958e+02  1.965989476783052151e-06
5.496216316123441175e+02  1.655243724854110596e-06
5.989930136736942359e+02  1.393616192611517513e-06
6.527993255603129228e+02  1.173342590241154484e-06
7.114389479075676945e+02  9.878860432815238736e-07
7.753460470649139324e+02  8.317430361252675539e-07
8.449937896530404942e+02  7.002800711607723731e-07
9.208978458781291465e+02  5.895960800382303092e-07
1.003620207541643822e+03  4.964066584695002342e-07
1.093773349014027417e+03  4.179465617807098697e-07
1.192024761980222820e+03  3.518876872138376864e-07
1.299101897531957547e+03  2.962698847565624647e-07
1.415797552198098629e+03  2.494428441951621438e-07
1.542975737791063011e+03  2.100171077609306038e-07
1.681578078529365939e+03  1.768228414403039521e-07
1.832630782800707038e+03  1.488751184666396283e-07
1.997252241184042759e+03  1.253446932411924860e-07
2.176661306986485670e+03  1.055333699766065795e-07
2.372186320603807417e+03  8.885332737461827071e-08
2.585274944520731424e+03  7.480965010859520281e-08
2.817504881768916221e+03  6.298564429212519733e-08
3.070595557202237615e+03  5.303047988233423933e-08
3.346420848076986204e+03  4.464877657341323380e-08
3.647022958193726026e+03  3.759184015774931043e-08
3.974627538325155456e+03  3.165028359992644703e-08
4.331660164880577213e+03  2.664781800413986659e-08
4.720764298815189250e+03  2.243601474085666689e-08
5.144820857751345102e+03  1.888990574630663655e-08
5.606969546222906501e+03  1.590427472697059566e-08
6.110632101972163582e+03  1.339053557984654654e-08
6.659537630413283296e+03  1.127410387934395240e-08
7.257750214838950342e+03  9.492183930576578102e-09
7.909699006795200148e+03  7.991903658299637035e-09
8.620211019412274254e+03  6.728749055160062324e-09
9.394546866493847119e+03  5.665241570102982679e-09
1.023843971197432984e+04  4.769825967979724157e-09
1.115813771812651430e+04  4.015934674803411892e-09
1.216045030680458331e+04  3.381199163922146201e-09
1.325279857623872158e+04  2.846786295942490817e-09
1.444327024666807483e+04  2.396839608749686195e-09
1.574067954162571914e+04  2.018008904359732971e-09
1.715463244823731293e+04  1.699054059665537721e-09
1.869559783971847355e+04  1.430511387763138853e-09
2.037498498665871011e+04  1.204413011949703735e-09
2.220522803098668373e+04  1.014050427136695161e-09
2.419987804805620181e+04  8.537754561045106367e-10
2.637370337848162308e+04  7.188326640828595356e-10
2.874279897257614357e+04  6.052181168075733589e-10
3.132470555697442614e+04  5.095608221790958395e-10
3.413853950575105409e+04  4.290225763501506935e-10
3.720513437759164663e+04  3.612137384686195419e-10
4.054719516695940547e+04  3.041223771831902114e-10
4.418946641132738296e+04  2.560545508924237726e-10
4.815891539913509769e+04  2.155840472734929073e-10
5.248493183494405821e+04  1.815100743314453836e-10
5.719954544009926758e+04  1.528216362029626020e-10
6.233766310001429520e+04  1.286675314701552266e-10
6.793732731391032576e+04  1.083310855969797395e-10
7.403999786055977165e+04  9.120890018182463763e-11
8.069085876549191016e+04  7.679294723005406533e-11
8.793915284242469352e+04  6.465549657267702658e-11
9.583854628587099432e+04  5.443642436496061523e-11
1.044475260143505438e+05  4.583251714661898875e-11
1.138298327061192103e+05  3.858849360579395000e-11
1.240549327336189890e+05  3.248941855692377747e-11
1.351985324908188777e+05  2.735432822413777530e-11
1.473431389215315576e+05  2.303086080604916811e-11
1.605786703988387890e+05  1.939073600478358098e-11
1.750031224785495142e+05  1.632594828716604455e-11
1.907232934559401183e+05  1.374556295906947191e-11
2.078555750977486896e+05  1.157301835837283945e-11
2.265268144040112966e+05  9.743853956182632428e-12
2.468752527801961405e+05  8.203796758594410586e-12
2.690515495732237468e+05  6.907152016455411746e-12
2.932198975496513885e+05  5.815447433867660058e-12
3.195592385749435052e+05  4.896291330921725712e-12
3.482645884947324521e+05  4.122411962515755532e-12
3.795484810274433112e+05  3.470847311426326393e-12
4.136425413588018855e+05  2.922265191401665017e-12
4.507992010891433456e+05  2.460388783359356691e-12
4.912935672308735666e+05  2.071513906934711231e-12
5.354254590941600036e+05  1.744102359268084946e-12
5.835216281418851577e+05  1.468439616016135696e-12
6.359381772495695623e+05  1.236346533917559222e-12
6.930631972825048724e+05  1.040936725224630966e-12
7.553196405111248605e+05  8.764122545693879967e-13
8.231684521394517506e+05  7.378915945692772717e-13
8.971119831322332611e+05  6.212647148367337482e-13
9.776977096093826694e+05  5.230712061654524896e-13
1.065522286345986882e+06  4.403975908816217729e-13
1.161235964389821514e+06  3.707908860370436791e-13
1.265547405504482798e+06  3.121858318703086406e-13
1.379228929083938478e+06  2.628435405794268547e-13
1.503122230386711424e+06  2.213000058571192536e-13
1.638144612427307060e+06  1.863226010835713313e-13
1.785295777665531961e+06  1.568735242333510523e-13
1.945665229779483285e+06  1.320789990713302302e-13
2.120440340324419551e+06  1.112033554103533298e-13
2.310915140003146138e+06  9.362719554868458643e-14
2.518499899638179690e+06  7.882902159332704736e-14
2.744731571782787796e+06  6.636975909572151633e-14
2.991285170280758757e+06  5.587973816816538627e-14
3.259986172028372530e+06  4.704770978292905108e-14
3.552824032761356328e+06  3.961162084313835964e-14
3.871966916937247384e+06  3.335083676555640055e-14
4.219777750772563741e+06  2.807959574160011494e-14
4.598831717291729525e+06  2.364149787013819667e-14
5.011935322919876315e+06  1.990485914011290644e-14
5.462147176788794808e+06  1.675881187447393974e-14
5.952800636605296284e+06  1.411001054579328936e-14
6.487528488751004450e+06  1.187986357434259081e-14
7.070289845345420763e+06  1.000220079227766050e-14
7.705399457416268997e+06  8.421310703797806192e-15
8.397559661212138832e+06  7.090286991120158854e-15
9.151895194186838344e+06  5.969637171304949709e-15
9.973991138431482017e+06  5.026110600589934471e-15
1.086993427248807810e+07  4.231712573272332117e-15
1.184635813771057315e+07  3.562872545640357628e-15
1.291049215284520574e+07  2.999745516874295548e-15
1.407021514047283120e+07  2.525623063990966880e-15
1.533411366162062064e+07  2.126437641117586273e-15
1.671154559045357071e+07  1.790345251009763712e-15
1.821270939974839985e+07  1.507373612815597628e-15
1.984871967014024779e+07  1.269126832181114767e-15
2.163168938221007958e+07  1.068535950298518716e-15
2.357481960069975257e+07  8.996493144852371587e-16
2.569249721487812325e+07  7.574559271745956947e-16
2.800040145872109756e+07  6.377368175271000012e-16
3.051561999958220869e+07  5.369398209539307764e-16
3.325677545487022772e+07  4.520742137090150257e-16
3.624416327345777303e+07  3.806219597179291778e-16
3.949990200269705057e+07  3.204630496310661017e-16
4.304809705360925943e+07  2.698125123693980930e-16
4.691501917676698416e+07  2.271675072430090423e-16
5.112929897029887140e+07  1.912627232030413965e-16
5.572213886014524102e+07  1.610328397588805790e-16
6.072754412206994742e+07  1.355809174011720813e-16
6.618257465589933842e+07  1.141517853726994204e-16
7.212761937612764537e+07  9.610961253886994376e-17
7.860669525046731532e+07  8.091908034584518437e-17
8.566777320041270554e+07  6.812947721736539149e-17
9.336313327679008245e+07  5.736132455142513480e-17
1.017497517399889082e+08  4.829512444971093930e-17
1.108897229108202010e+08  4.066187612435616893e-17
1.208507189153748155e+08  3.423509483336040441e-17
1.317064907278070748e+08  2.882409237530349522e-17
1.435374142207694352e+08  2.426832267475456707e-17
1.564310852664355934e+08  2.043261186181641286e-17
1.704829682942287624e+08  1.720315141688461283e-17
1.857971031071467698e+08  1.448412069389973775e-17
2.024868751899633408e+08  1.219484408016128812e-17
2.206758552126137316e+08  1.026739731778619200e-17
2.404987139444577992e+08  8.644592151318034151e-18
2.621022193534132242e+08  7.278277778462781404e-18
2.856463232724382877e+08  6.127915127693010207e-18
3.113053456790592074e+08  5.159372167620740690e-18
3.392692653562657833e+08  4.343911526076988432e-18
3.697451264908434153e+08  3.657337920129618797e-18
4.029585716235462427e+08  3.079280219782612025e-18
4.391555123010084629e+08  2.592586974829404651e-18
4.786039497989257574e+08  2.182817611510440113e-18
5.215959593970161676e+08  1.837814020105689474e-18
5.684498528973537683e+08  1.547339757779752112e-18
6.195125353972860575e+08  1.302776185829934168e-18
6.751620737663798332e+08  1.096866910385613062e-18
7.358104958444377184e+08  9.235024505157575439e-19
8.019068410856543779e+08  7.775389761509427883e-19
8.739404852359167337e+08  6.546456825806416367e-19
9.524447636590420008e+08  5.511761624234792086e-19
1.038000920138904095e+09  4.640604344698423170e-19
1.131242410394441843e+09  3.907137152398270600e-19
1.232859592170475006e+09  3.289597563283849387e-19
1.343604836629812002e+09  2.769662738386110559e-19
1.464298098891224384e+09  2.331905847688181203e-19
1.595832988957300663e+09  1.963338280169282396e-19
1.739183387981432676e+09  1.653024342870583789e-19
1.895410658860309601e+09  1.391756825684502783e-19
2.065671504539233208e+09  1.171783784907758814e-19
2.251226532212872505e+09  9.865784175645917691e-20
2.453449586830422401e+09  8.306455355334492593e-20
2.673837923010595798e+09  6.993584915657280745e-20
2.914023290678590775e+09  5.888219193548546419e-20
3.175784016503221989e+09  4.957561469305527914e-20
3.461058170584754467e+09  4.173997904827580156e-20
3.771957915879021168e+09  3.514279854078333312e-20
4.110785146601194382e+09  2.958833018857203499e-20
4.480048531394854546e+09  2.491176918319344376e-20
4.882482087454182625e+09  2.097435854447390649e-20
5.321065423121434212e+09  1.765927260240766192e-20
5.799045798834993362e+09  1.486814999564557100e-20
6.319962169767625809e+09  1.251817588291834543e-20
6.887671388164944649e+09  1.053962501632431766e-20
7.506376759386515617e+09  8.873792791095731613e-21
8.180659163077519417e+09  7.471252367978943617e-21
8.915510969890781403e+09  6.290389416076498224e-21
9.716373004879121780e+09  5.296166777125483752e-21
1.058917483123238945e+10  4.459085182704453393e-21
1.154037865262045670e+10  3.754308074385208085e-21
1.257702715919358444e+10  3.160923801767102216e-21
1.370679567148984718e+10  2.661326407816039234e-21
1.493804896832396126e+10  2.240692479346338479e-21
1.627990321940722275e+10  1.886541535606067794e-21
1.774229348124841309e+10  1.588365653065435051e-21
1.933604725607294464e+10  1.337317752966128146e-21
2.107296465838731003e+10  1.125949035360060995e-21
2.296590578274332428e+10  9.479880315213874552e-22
2.502888591956700516e+10  7.981544868466588753e-22
2.727717932403120804e+10  6.720027970900041779e-22
2.972743230627313614e+10  5.657899197155261248e-22
3.239778648027171326e+10  4.763644367733260781e-22
3.530801308392155457e+10  4.010730243072120442e-22
3.847965936479991913e+10  3.376817492935757496e-22
4.193620811546862030e+10  2.843097333306133855e-22
4.570325153950471497e+10  2.393733772219257985e-22
4.980868073555638885e+10  2.015394004518903992e-22
5.428289220236711884e+10  1.696852418461094575e-22
5.915901289371690369e+10  1.428657689524449417e-22
6.447314548958985138e+10  1.202852277430870196e-22
7.026463569954747009e+10  1.012736386693060869e-22
7.657636357741003418e+10  8.526691214236203162e-23
8.345506100414460754e+10  7.179011632368632520e-23
9.095165768958102417e+10  6.044338295104796520e-23
9.912165825475634766e+10  5.089005105061985075e-23
1.080255531867924652e+11  4.284666407870391091e-23
1.177292667089988251e+11  3.607456845663689888e-23
1.283046448822375946e+11  3.037283073933912852e-23
1.398299875514198914e+11  2.557227634565488508e-23
1.523906280756709290e+11  2.153047085316615042e-23
1.660795651344661255e+11  1.812748887258489983e-23
1.809981512876033325e+11  1.526236245139901071e-23
1.972568433871199951e+11  1.285008120738233893e-23
2.149760203971529236e+11  1.081907131797192536e-23
2.342868746768883972e+11  9.109071163234750164e-24
2.553323833256304321e+11  7.669343923910312740e-24
2.782683667817838745e+11  6.457171707223346712e-24
3.032646425136358643e+11  5.436588431550052327e-24
3.305062823437820435e+11  4.577312495859796077e-24
3.601949827164393311e+11  3.853848922406894705e-24
3.925505580530721436e+11  3.244731861778925902e-24
4.278125682530375366e+11  2.731888333703589802e-24
4.662420923893174438e+11  2.300101862116827927e-24
5.081236617316862183e+11  1.936561033666068542e-24
5.537673664093458252e+11  1.630479441161952413e-24
6.035111513107911377e+11  1.372775270954717431e-24
6.577233182195865479e+11  1.155802324603210178e-24
7.168052527118985596e+11  9.731228551796202848e-25
7.811943960056356201e+11  8.193166624275437676e-25
8.513674837646394043e+11  6.898201850969503807e-25
9.278440758380832520e+11  5.807911812504038174e-25
1.011190403069024414e+12  4.889946804766808253e-25
1.102023559653922852e+12  4.117070048991371489e-25
1.201016072093212158e+12  3.466349609497194947e-25
1.308900878561233887e+12  2.918478408476974726e-25
1.426476755562865234e+12  2.457200597179817353e-25
1.554614232055436523e+12  2.068829700797802373e-25
1.694262034824154053e+12  1.741842445028020948e-25
1.846454112832373779e+12  1.466536880035970529e-25
2.012317292554703613e+12  1.234744518881302707e-25
2.193079620973141846e+12  1.039587974630450715e-25
2.390079458007218750e+12  8.752766929023097344e-26
2.604775385698592773e+12  7.369354915819095389e-26
2.838757007517366211e+12  6.204597132513954208e-26
3.093756717747707031e+12  5.223934209766777123e-26
3.371662528093496582e+12  4.398269260168528461e-26
3.674532046471305176e+12  3.703104213156783283e-26
4.004607711489826660e+12  3.117812944810262313e-26
4.364333395411342773e+12  2.625029393310187708e-26
4.756372498522806641e+12  2.210132362203566639e-26
5.183627668887563477e+12  1.860811627194248197e-26
5.649262293481381836e+12  1.566702517628109236e-26
6.156723919833396484e+12  1.319078582183761623e-26
6.709769781585003906e+12  1.110592634502425036e-26
7.312494616956812500e+12  9.350587680104206794e-27
7.969360986092025391e+12  7.872688120517898825e-27
8.685232311743764648e+12  6.628376432898500941e-27
9.465408887939958984e+12  5.580733416848575290e-27
1.031566712323268750e+13  4.698674802713972626e-27
1.124230230908731836e+13  3.956029298503063920e-27
1.225217523006921875e+13  3.330762090082971431e-27
1.335276296092668750e+13  2.804321061353300986e-27
1.455221422667222852e+13  2.361086268262805385e-27
1.585940973554632617e+13  1.987906576980701789e-27
1.728402793156633789e+13  1.673709507424192713e-27
1.883661665349341016e+13  1.409172664370268026e-27
2.052867123077545703e+13  1.186446993460571073e-27
2.237271959468941016e+13  9.989240478311878062e-28
2.438241503484273438e+13  8.410398786991037651e-28
2.657263728779925781e+13  7.081099663733247980e-28
2.895960270629109766e+13  5.961902190455067892e-28
3.156098432470194141e+13  5.019598314768147820e-28
3.439604270978778906e+13  4.226229512579158289e-28
3.748576856544942188e+13  3.558255987849000625e-28
4.085303814739610938e+13  2.995858520277719472e-28
4.452278263839309375e+13  2.522350371583981564e-28
4.852217273813561719e+13  2.123682230468976414e-28
5.288081983445473438e+13  1.788025280684124088e-28
5.763099524531982031e+13  1.505420308472087281e-28
6.280786915489582031e+13  1.267482239415911495e-28
6.844977101274160156e+13  1.067151327608927726e-28
7.459847332412656250e+13  8.984835611600167941e-29
8.129950093265579688e+13  7.564744506268880670e-29
8.860246808511000000e+13  6.369104706052405373e-29
9.656144577413637500e+13  5.362440754131822525e-29
1.052353620785690938e+14  4.514884519572950945e-29
1.146884384655089375e+14  3.801287915991621751e-29
1.249906652845117344e+14  3.200478244566075472e-29
1.362183199744501719e+14  2.694629061552586058e-29
1.484545318198344375e+14  2.268731497357656531e-29
1.617898974380229062e+14  1.910148856685987158e-29
1.763231515543999375e+14  1.608241751732159917e-29
1.921618980318936562e+14  1.354052347480680295e-29
2.094234065673843750e+14  1.140038650943819953e-29
2.282354809537165625e+14  9.598506911999892169e-30
2.487374053358879375e+14  8.081422378502388231e-30
2.710809754675120312e+14  6.804119527689093357e-30
2.954316226029050625e+14  5.728699788669699091e-30
3.219696383461068125e+14  4.823254613556804229e-30
3.508915095255756875e+14  4.060918813081003208e-30
3.824113729779113750e+14  3.419073572670197898e-30
4.167626010118473125e+14  2.878674529713163671e-30
4.541995292911773125e+14  2.423687819396016326e-30
4.949993399298830000e+14  2.040613661350573144e-30
5.394641137418306250e+14  1.718086008467763706e-30
5.879230668398063750e+14  1.446535222259057376e-30
6.407349881437046250e+14  1.217904211465047503e-30
6.982908958450086250e+14  1.025409304571379135e-30
7.610169324960596250e+14  8.633390303342583936e-31
8.293775201592526250e+14  7.268846228493698753e-31
9.038787989767472500e+14  6.119974390625801136e-31
9.850723746199167500e+14  5.152686654747188894e-31
1.073559402364384750e+15  4.338282837996651049e-31
1.169995038029240000e+15  3.652598934563103985e-31
1.275093288734867750e+15  3.075290219937050602e-31
1.389632299394476750e+15  2.589227707411591572e-31
1.514460114080248500e+15  2.179989316783130154e-31
1.650500954921223250e+15  1.835432768351589565e-31
1.798762065021635250e+15  1.545334819696134681e-31
1.960341166064534250e+15  1.301088090761934873e-31
2.136434585816682250e+15  1.095445594329205952e-31
2.328346115710457000e+15  9.223057832848350650e-32
2.537496664084215000e+15  7.765314567451027459e-32
2.765434776553331500e+15  6.537973784178104616e-32
3.013848101404544000e+15  5.504619206713490558e-32
3.284575884903211500e+15  4.634590892066091301e-32
3.579622589028259500e+15  3.902074273822073479e-32
3.901172732460394500e+15  3.285335010442678456e-32
4.251607064705687000e+15  2.766073957072151029e-32
4.633520193107425000e+15  2.328884267747122202e-32
5.049739793256381000e+15  1.960794343173641912e-32
5.503347545032620000e+15  1.650882505650625529e-32
5.997701949289107000e+15  1.389953532531340928e-32
6.536463194110956000e+15  1.170265469692901303e-32
7.123620254759630000e+15  9.853000440500940336e-33
7.763520427949686000e+15  8.295691942756322296e-33
8.460901519128688000e+15  6.984522674314754165e-33
9.220926921074636000e+15  5.880589347583117913e-33
1.004922384353146200e+16  4.951137351514591702e-33
1.095192497693408800e+16  4.168589025614491821e-33
1.193571389870067800e+16  3.509725918812429939e-33
1.300787455827847800e+16  2.954998947254989441e-33
1.417634520733009000e+16  2.487948926387538791e-33
1.544977717435717600e+16  2.094718109618615956e-33
1.683759891892765000e+16  1.763639053279128274e-33
1.835008583976354000e+16  1.484888436170496457e-33
1.999843635354500400e+16  1.250195597758386143e-33
2.179485480771702000e+16  1.052596889103218889e-33
2.375264184118387200e+16  8.862294772157898581e-34
2.588629286191848000e+16  7.461571515233374974e-34
2.821160537061391200e+16  6.282238454207866524e-34
3.074579592499720400e+16  5.289304033286635388e-34
3.350762761080703200e+16  4.453307174565469823e-34
3.651754896322853600e+16  3.749443158025153869e-34
3.979784536735412800e+16  3.156827714146446931e-34
4.337280405863800000e+16  2.657877753296466113e-34
4.726889394500116800e+16  2.237788972372733972e-34
5.151496158198657600e+16  1.884097006767682928e-34
5.614244475196144800e+16  1.586307534308914245e-34
6.118560522869889600e+16  1.335584920628436355e-34
6.668178245072581600e+16  1.124490071014611369e-34
7.267166998162436800e+16  9.467597039712440046e-35
7.919961680419416000e+16  7.971203243442722037e-35
8.631395567925257600e+16  6.711320751163029447e-35
9.406736100022884800e+16  5.650568009384158703e-35
1.025172387931045280e+17  4.757471741950944205e-35
1.117261517492440480e+17  4.005533157358344838e-35
1.217622824380509760e+17  3.372441709304582708e-35
1.326999381290693280e+17  2.839413047186363949e-35
1.446201009612133120e+17  2.390631781010693230e-35
1.576110275325734080e+17  2.012782284526425822e-35
1.717689023501382720e+17  1.694653559944983696e-35
1.871985499775619520e+17  1.426806431945791305e-35
2.040142111537080000e+17  1.201293664149165197e-35
2.223403886283218880e+17  1.011424121458853876e-35
2.423127689773914560e+17  8.515642584162284090e-36
2.640792272232804800e+17  7.169709591824003890e-36
2.878009216978233600e+17  6.036506642913543285e-36
3.136534872547319040e+17  5.082411165232655165e-36
3.418283356658117120e+17  4.279114494773533717e-36
3.725340728291107840e+17  3.602782279273123025e-36
4.059980432819530240e+17  3.033347256368581358e-36
4.424680134544032000e+17  2.553913897405023429e-36
4.822140061259463040e+17  2.150257014745898513e-36
5.255302996676279680e+17  1.810399781791149873e-36
5.727376068720257280e+17  1.524258412849865243e-36
6.241854495030242560e+17  1.283342944406482093e-36
6.802547461465152000e+17  1.080505181628118462e-36
7.413606325224307200e+17  9.097267872806270475e-37
8.079555351395915520e+17  7.659406283877434787e-37
8.805325210506814720e+17  6.448804706768861471e-37
9.596289485088039680e+17  5.429544097288306014e-37
1.045830445555012608e+18  4.571381676034489797e-37
1.139775245994219520e+18  3.848855419819200423e-37
1.242158914862877696e+18  3.240527470420248432e-37
1.353739498375758848e+18  2.728348344804330828e-37
1.475343136481829888e+18  2.297121311450394649e-37
1.607870179584485888e+18  1.934051573808505238e-37
1.752301854714248448e+18  1.628366550515499097e-37
1.909707530510008832e+18  1.370996334681371764e-37
2.081252634798676224e+18  1.154304530348514977e-37
2.268207283394675968e+18  9.718618271677222056e-38
2.471955684006770688e+18  8.182549713563154494e-38
2.694006384878591488e+18  6.889263278881635691e-38
2.936003444043411968e+18  5.800386145556228022e-38
3.199738601890229760e+18  4.883610571428048670e-38
3.487164547166358528e+18  4.111735450737960441e-38
3.800409374637734912e+18  3.461858266869026645e-38
4.141792341451376128e+18  2.914696894397130861e-38
4.513841038859294208e+18  2.454016666135027780e-38
4.919310106443091968e+18  2.066148913134992795e-38
5.361201627399067648e+18  1.739585307758973618e-38
5.842787355889718272e+18  1.464636491588125327e-38
6.367632941032765440e+18  1.233144505286448737e-38
6.939624326881147904e+18  1.038240804557997771e-38
7.562996523858962432e+18  8.741424274244432786e-39
8.242364964676621312e+18  7.359805260371308242e-39
8.982759676883207168e+18  6.196557032632166946e-39
9.789662525069303808e+18  5.217165107666816349e-39
1.066904779846010470e+19  4.392570152997896128e-39
1.162742644440857190e+19  3.698305856283292782e-39
1.267189427529279078e+19  3.113773110910360989e-39
1.381018450573950771e+19  2.621628100114756247e-39
1.505072500915896730e+19  2.207268670164597772e-39
1.640270071751622042e+19  1.858400477327968754e-39
1.787612162634559488e+19  1.564672392064030809e-39
1.948189690851650355e+19  1.317369277967438894e-39
2.123191568548598170e+19  1.109153489948281906e-39
2.313913505406761370e+19  9.338470938360115593e-40
2.521767602046357914e+19  7.862486142067015967e-40
2.748292805185359872e+19  6.619786750189696577e-40
2.995166301963921408e+19  5.573501496686808238e-40
3.264215937797469389e+19  4.692586101763109847e-40
3.557433749700139827e+19  3.950903116264674911e-40
3.876990715278743962e+19  3.326446216160318994e-40
4.225252826598547456e+19  2.800687320583205696e-40
4.604798607931527168e+19  2.358026945410310209e-40
5.018438207087824896e+19  1.985330814972875740e-40
5.469234201682454118e+19  1.671540869473423645e-40
5.960524274386037965e+19  1.407346731457116766e-40
6.495945925046703718e+19  1.184909605877993272e-40
7.079463402651338342e+19  9.976296184926834704e-41
7.715397056529371955e+19  8.399500295962265714e-41
8.408455324115163546e+19  7.071923776636209244e-41
9.163769592105112371e+19  5.954176339518088653e-41
9.986932189120847872e+19  5.013093433277083632e-41
1.088403779117562921e+20  4.220752838033262698e-41
1.186172854650840351e+20  3.553645066000777349e-41
1.292724325388939428e+20  2.991976506313165154e-41
1.408847095851146281e+20  2.519082004984695353e-41
1.535400936229022269e+20  2.120930439990729033e-41
1.673322848104191099e+20  1.785708406995970300e-41
1.823634001985426227e+20  1.503469711837393310e-41
1.987447298030503526e+20  1.265839956595387192e-41
2.165975605932107039e+20  1.065768571673487174e-41
2.360540744975746007e+20  8.973193309369450065e-42
2.572583270757884559e+20  7.554942005488207888e-42
2.803673141024869581e+20  6.360851394412565646e-42
3.055521339602189681e+20  5.355491946634059498e-42
3.329992544477402890e+20  4.509033814476897810e-42
3.629118933831040369e+20  3.796361835173460974e-42
3.955115232234786652e+20  3.196330804597482657e-42
4.310395108418872934e+20  2.691137249859891747e-42
4.697589046017091174e+20  2.265791680930452204e-42
5.119563819604103004e+20  1.907673756063747349e-42
5.579443720225328988e+20  1.606157851932235993e-42
6.080633687572418396e+20  1.352297805296210553e-42
6.626844520074723983e+20  1.138561471428312000e-42
7.222120349561297306e+20  9.586070102014305029e-43
7.870868583915295867e+20  8.070951049087347392e-43
8.577892539415786947e+20  6.795302967144423231e-43
9.348427004375498752e+20  5.721276478888249601e-43
1.018817699738741768e+21  4.817004469477017650e-43
1.110336000714474127e+21  4.055656550682339806e-43
1.210075202657702904e+21  3.414642895923498725e-43
1.318773772213862269e+21  2.874944113874614367e-43
1.437236510970078560e+21  2.420546998738043958e-43
1.566340514186737746e+21  2.037969342488700155e-43
1.707041664789622555e+21  1.715859710108662721e-43
1.860381710704012427e+21  1.444660853509651606e-43
2.027495977931228578e+21  1.216326097458985599e-43
2.209621776474935394e+21  1.024080609855526378e-43
2.408107561354609558e+21  8.622203784746902330e-44
2.624422916533953495e+21  7.259427979071537837e-44
2.860169435685077385e+21  6.112044595716929013e-44
3.117092580349445145e+21  5.146009989676588088e-44
3.397094603293069935e+21  4.332661260175185489e-44
3.702248632740079993e+21  3.647865768915130022e-44
4.034814021764029874e+21  3.071305161282983870e-44
4.397253076483628859e+21  2.585872403164777766e-44
4.792249286917796921e+21  2.177164311842385390e-44
5.222727195481134334e+21  1.833054252690001018e-44
5.691874050225366630e+21  1.543332300081255866e-44
6.203163403146958471e+21  1.299402133626378867e-44
6.760380828282416792e+21  1.094026145644664485e-44
7.367651950007061316e+21  9.211106949679807863e-45
8.029472989058537882e+21  7.755252515127306933e-45
8.750744052446630248e+21  6.529502355237610135e-45
9.536805413727235998e+21  5.497486875442095364e-45
1.039347705225912988e+22  4.628585764593389201e-45
1.132710174419062463e+22  3.897018122574629394e-45
1.234459202422149480e+22  3.281077861876835832e-45
1.345348136584260826e+22  2.762489583482991185e-45
1.466197995899261131e+22  2.325866422829967373e-45
1.597903549810557846e+22  1.958253407093301047e-45
1.741439943062502087e+22  1.648743179156667007e-45
1.897869915648593756e+22  1.388152304319798064e-45
2.068351671312674141e+22  1.168748979357965297e-45
2.254147452861613815e+22  9.840232750505504498e-46
2.456632887780511108e+22  8.284942530840349220e-46
2.677307173345448847e+22  6.975472400451331110e-46
2.917804176644024933e+22  5.872969470903850241e-46
3.179904531687728690e+22  4.944722029892625455e-46
3.465548823183371115e+22  4.163187792180878784e-46
3.776851954575298318e+22  3.505178314690995892e-46
4.116118806739538883e+22  2.951169989521540272e-46
4.485861303266274863e+22  2.484725042936402408e-46
4.888817008681473278e+22  2.092003703995968751e-46
5.327969397308528158e+22  1.761353669913046226e-46
5.806569942840245853e+22  1.482964279844256544e-46
6.328162192171765386e+22  1.248575507839515854e-46
6.896608001736015086e+22  1.051232835855666890e-46
7.516116130595940073e+22  8.850810479324641455e-47
8.191273401994763987e+22  7.451902595807444525e-47
8.927078664084771570e+22  6.274098019057637047e-47
9.728979801278651564e+22  5.282450357703301473e-47
1.060291407025384351e+23  4.447536729206835937e-47
1.155535205925830452e+23  3.744584903866343959e-47
1.259334559618933195e+23  3.152737420374515372e-47
1.372457996015740429e+23  2.654433911226414300e-47
1.495743078310765511e+23  2.234889352096089538e-47
1.630102606279610047e+23  1.881655601747589965e-47
1.776531374626566465e+23  1.584251945894752027e-47
1.936113538420538396e+23  1.333854223287324001e-47
2.110030640153049537e+23  1.123032926791646824e-47
2.299570357850398754e+23  9.455328266975582390e-48
2.506136039010604784e+23  7.960873399154452395e-48
2.731257090954555776e+23  6.702623738468258011e-48
2.976600304520810316e+23  5.643245816281575540e-48
3.243982194944802931e+23  4.751307060910143966e-48
3.535382451293909103e+23  4.000342940761565862e-48
3.852958594037384531e+23  3.368071816764390755e-48
4.199061949276080078e+23  2.835733943180971770e-48
4.576255057903991013e+23  2.387534201137845946e-48
4.987330648599299264e+23  2.010174306178063272e-48
5.435332315120257393e+23  1.692457714493635010e-48
5.923577050999713515e+23  1.424957587594517074e-48
6.455679808485522680e+23  1.199736998856741985e-48
7.035580263559465974e+23  1.010113482277685328e-48
7.667571985203554377e+23  8.504607775544702485e-49
8.356334224880816714e+23  7.160418577695315546e-49
9.106966561600688462e+23  6.028683952558151614e-49
9.925026659078604944e+23  5.075824986375129252e-49
1.081657141454424810e+24  4.273569458399881793e-49
1.178820180386277881e+24  3.598113818104381647e-49
1.284711175500039606e+24  3.029416758229284887e-49
1.400114141169412722e+24  2.550604626664258082e-49
1.525883518168633994e+24  2.147470769792494436e-49
1.662950499931381396e+24  1.808054017383796282e-49
1.812329927084533030e+24  1.522283422294412319e-49
1.975127801303608016e+24  1.281680057722999933e-49
2.152549474122595245e+24  1.079105091149970862e-49
2.345908571327544322e+24  9.085479494267188523e-50
2.556636719010236326e+24  7.649480946084353430e-50
2.786294143293292294e+24  6.440448150939077977e-50
3.036581222206628266e+24  5.422508105235592456e-50
3.309351075245524987e+24  4.565457626598241920e-50
3.606623283822533926e+24  3.843867756424316006e-50
3.930598844199594004e+24  3.236328257156220589e-50
4.283676463611357893e+24  2.724812954300509586e-50
4.668470320235503942e+24  2.294144781349172900e-50
5.087829418505142238e+24  1.931545496622987737e-50
5.544858683068667472e+24  1.626256554957965142e-50
6.042941947577234459e+24  1.369219892400368545e-50
6.585767008507194090e+24  1.152808890385157716e-50
7.177352929516581730e+24  9.706025531823048332e-51
7.822079798495196721e+24  8.171946982551311276e-51
8.524721157629796994e+24  6.880336057579574276e-51
9.290479346595515425e+24  5.792869763578060541e-51
1.012502402055289948e+25  4.877282206044777975e-51
1.103453412813848246e+25  4.106407140343012002e-51
1.202574366025097889e+25  3.457372082973658287e-51
1.310599150835764645e+25  2.910919752684658664e-51
1.428327580146998843e+25  2.450836611936214498e-51
1.556631312409740076e+25  2.063471565957874566e-51
1.696460305362939833e+25  1.737331186543827475e-51
1.848849849497677095e+25  1.462738642855374954e-51
2.014928233323007762e+25  1.231546605623717278e-51
2.195925097186918268e+25  1.036895500564152443e-51
2.393180537503703196e+25  8.730097736045374495e-52
2.608155028795612351e+25  7.350268720346521486e-52
2.842440237010875570e+25  6.188527497116885950e-52
3.097770804180034644e+25  5.210404412257652993e-52
3.376037191663766158e+25  4.386877857304853311e-52
3.679299677083046090e+25  3.693513229272710190e-52
4.009803608565143216e+25  3.109737821282946299e-52
4.369996029246826922e+25  2.618230544930336167e-52
4.762543795122791702e+25  2.204408061013735774e-52
5.190353320383221209e+25  1.855992038620859403e-52
5.656592096434119391e+25  1.562644649607229823e-52
6.164712143927559218e+25  1.315662036658205120e-52
6.718475571439065567e+25  1.107716062759562464e-52
7.321982430028864653e+25  9.326368164683223474e-53
7.979701069921147031e+25  7.852296247420166742e-53
8.696501224061270886e+25  6.611207248945805717e-53
9.477690063500904025e+25  5.566277565514536301e-53
1.032905149156456410e+26  4.686503409215373693e-53
1.125688896773056366e+26  3.945781304774157486e-53
1.226807217829243120e+26  3.322133486265702522e-53
1.337008789935115021e+26  2.797055900053440082e-53
1.457109542872425619e+26  2.354969056441140490e-53
1.587998699719028133e+26  1.982755903588604614e-53
1.730645360635132379e+26  1.669372557278071388e-53
1.886105678057437054e+26  1.405520846710894715e-53
2.055530676426391690e+26  1.183372011747236261e-53
2.240174774343301503e+26  9.963347436342350087e-54
2.441405072255429589e+26  8.388594938271541139e-54
2.660711474434786900e+26  7.062738624404687533e-54
2.899717720193305356e+26  5.946439797040701042e-54
3.160193406009685376e+26  5.006576442991248402e-54
3.444067087578903656e+26  4.215262430644662548e-54
3.753440558792114038e+26  3.549018913357504919e-54
4.090604413368006076e+26  2.988078025994927765e-54
4.458055004353262335e+26  2.515796233195491100e-54
4.858512927060528349e+26  2.118160619538006261e-54
5.294943162290278601e+26  1.783373005836663630e-54
5.770577028977222639e+26  1.501499987754110731e-54
6.288936108797892210e+26  1.264178232993242703e-54
6.853858319876142265e+26  1.064366118665942883e-54
7.469526332636718049e+26  8.961351634756544834e-55
8.140498538195870213e+26  7.544938272097955050e-55
8.871742798579350350e+26  6.352395005162090833e-55
9.668673228653224928e+26  5.348338234780643657e-55
1.053719028209931465e+27  4.502977160936458200e-55
1.148372443823246514e+27  3.791228826220044596e-55
1.251528381311379541e+27  3.191975327077310108e-55
1.363950604747316513e+27  2.687436359590235893e-55
1.486471485561722051e+27  2.262641928005660109e-55
1.619998165400867655e+27  1.904988046028353769e-55
1.765519272581582693e+27  1.603862881948148256e-55
1.924112241871375197e+27  1.350331809859144752e-55
2.096951291789561106e+27  1.136872379338120798e-55
2.285316118492767765e+27  9.571510711975770899e-56
2.490601370614445582e+27  8.058355080354639389e-56
2.714326975209767092e+27  6.784360181914983191e-56
2.958149391258757651e+27  5.711725621905430905e-56
3.223873874048781123e+27  4.808625471391353251e-56
3.513467841240978261e+27  4.048264089599141146e-56
3.829075439583354942e+27  3.408081219992456226e-56
4.173033420121419852e+27  2.869081824782037427e-56
4.547888439446626421e+27  2.415273558245858064e-56
4.956415915080453207e+27  2.033191602607854642e-56
5.401640574598562140e+27  1.711499353414548914e-56
5.886858850641083132e+27  1.440651942992073197e-56
6.415663287620120703e+27  1.212613145256172851e-56
6.991969140832074636e+27  1.020616850374039752e-56
7.620043364913263314e+27  8.589663672695058117e-57
8.304536206269566230e+27  7.228653793190065919e-57
9.050515633388017837e+27  6.082757319731807315e-57
9.863504859953649767e+27  5.117974502813174354e-57
1.074952323859029493e+28  4.305679550652677491e-57
1.171513082800206064e+28  3.621771075187209384e-57
1.276747696349038820e+28  3.045957057476110314e-57
1.391435319045923227e+28  2.561152803863931820e-57
1.516425095282990575e+28  2.152974067723904158e-57
1.652642446348691575e+28  1.809309715092545311e-57
1.801095922224669127e+28  1.519963100692305048e-57
1.962884668865594426e+28  1.276349058803950557e-57
2.139206566249157331e+28  1.071239270971786491e-57
2.331367097450624220e+28  8.985479749759828884e-58
2.540789014407978199e+28  7.531513325044190440e-58
2.769022871943091432e+28  6.307354310145514662e-58
3.017758508032019896e+28  5.276681424778290894e-58
3.288837555324752336e+28  4.408914175149528701e-58
3.584267076548898732e+28  3.678304777379920672e-58
3.906234424753656601e+28  3.063175160196984206e-58
4.257123438419246252e+28  2.545270323918466474e-58
4.639532091339198507e+28  2.109223868669712897e-58
5.056291727955869140e+28  1.742101167080349803e-58
5.510488026566340379e+28  1.433008956297232666e-58
6.005483845610024234e+28  1.172773895157801411e-58
6.544944122191767968e+28  9.536764717648719292e-59
7.132863007187282518e+28  7.692158304864546777e-59
7.773593437840214224e+28  6.139188425217383477e-59
8.471879366804415949e+28  4.831752191428114706e-59
9.232890886254843519e+28  3.731111709722260970e-59
1.006226250712582741e+29  2.804602410398153185e-59
